#as described in: https://redmine.robotology.eu/projects/new-robot/wiki/Vicon_tests

[ROS]
enable_ros_publisher  1
enable_ros_subscriber 1

[USER_TF]
transform1   0.0       -0.707107 -0.707107  0.0        1.0       0.0        0.0        -106.6320     0.0        -0.707107    0.707107     45.4074    0.0 0.0 0.0 1.0  gaze head-markers
transform2  -0.683013   0.635646 -0.359789  71.1112    0.683013  0.730380  -0.006236    -23.9054     0.258819   -0.250000   -0.933013    162.6020    0.0 0.0 0.0 1.0  torso chest-markers
transform3  -0.498243   0.459654 -0.735168  50.8385    0.534086 -0.505236  -0.677856    -18.6930    -0.683013   -0.730380    0.0062360    89.6082    0.0 0.0 0.0 1.0  l_upperarm_ft_sensor_frame l-ft-markers 
transform4  -0.439903   0.518629 -0.733150 -28.7815    0.534082 -0.505234  -0.677861    -18.6925    -0.721971   -0.689755   -0.0547363    28.4749    0.0 0.0 0.0 1.0  l_gripper l-hand-markers
